
CASN:   74-85-1
CNAM:   ETHENE
 FAM:   1-ALKENES
FORM:   C2H4
INAM:   ETHYLENE
NAME:   ETHYLENE
SMIL:   C=C
STRU:   CH2CH2

  MW:    28.05316
  TC:   282.34000
  PC:     5.04100
RHOC:     0.21415

RHO_HIGH:   0.6259
  T_HIGH:   310.57

 Isotherms:

    T_IT:   310.57  254.11

 RHO_IT1:   0.0224  0.0298  0.0447  0.0894  0.1788  0.2683  0.3577  0.4471  0.4918  0.5365  0.5812  0.6259
 RHO_IT2:   0.0224  0.0298  0.0447  0.0894

NMOL_IT1:     2400    2400    2400    2400     600     600     600     600     600     600     600     600
NMOL_IT2:     2400    2400    2400    2400

 Isochores:

  RHO_IC:   0.4471  0.4918  0.5365  0.5812  0.6259


T_IC1:	239.56	270.48
T_IC2:	217.20	255.63
T_IC3:	190.36	236.04
T_IC4:	159.76	210.99
T_IC5:	126.39	179.66

NMOL_IC1:      600     600
NMOL_IC2:      600     600
NMOL_IC3:      600     600
NMOL_IC4:      600     600
NMOL_IC5:      600     600

