
CASN:   78-79-5
CNAM:   ISOPRENE
 FAM:   DIALKENES
FORM:   C5H8
INAM:   ISOPRENE
NAME:   ISOPRENE
SMIL:   C=C(C)C=C
STRU:   CH2C(CH3)CHCH2

  MW:    68.11702
  TC:   484.00000
  PC:     3.85003
RHOC:     0.24680

RHO_HIGH:   0.7540
  T_HIGH:   532.40

 Isotherms:

    T_IT:   532.40  435.60

 RHO_IT1:   0.0269  0.0359  0.0539  0.1077  0.2154  0.3231  0.4308  0.5386  0.5924  0.6463  0.7001  0.7540
 RHO_IT2:   0.0269  0.0359  0.0539  0.1077

NMOL_IT1:      960     960     960     960     240     240     240     240     240     240     240     240
NMOL_IT2:      960     960     960     960

 Isochores:

  RHO_IC:   0.5386  0.5924  0.6463  0.7001  0.7540

   T_IC1:   407.78  461.83
   T_IC2:   370.09  436.65
   T_IC3:   325.47  403.98
   T_IC4:   274.52  362.26
   T_IC5:   217.80  309.14

NMOL_IC1:      240     240
NMOL_IC2:      240     240
NMOL_IC3:      240     240
NMOL_IC4:      240     240
NMOL_IC5:      240     240
