
CASN:   590-73-8
CNAM:   HEXANE
 FAM:   DIMETHYLALKANES
FORM:   C8H18
INAM:   2
NAME:   2
SMIL:   CC(C)(C)CCCC
STRU:   CH3C(CH3)2CH2CH2CH2CH3

  MW:   114.22852
  TC:   549.80000
  PC:     2.53000
RHOC:     0.23897

RHO_HIGH:   0.7317
  T_HIGH:   577.29

 Isotherms:

    T_IT:   577.29  494.82

 RHO_IT1:   0.0261  0.0348  0.0523  0.1045  0.2091  0.3136  0.4181  0.5227  0.5749  0.6272  0.6794  0.7317
 RHO_IT2:   0.0261  0.0348  0.0523  0.1045

NMOL_IT1:      600     600     600     600     150     150     150     150     150     150     150     150
NMOL_IT2:      600     600     600     600

 Isochores:

  RHO_IC:   0.5227  0.5749  0.6272  0.6794  0.7317

   T_IC1:   465.28  515.27
   T_IC2:   422.56  487.95
   T_IC3:   371.60  452.15
   T_IC4:   313.01  405.93
   T_IC5:   247.41  346.37

NMOL_IC1:      150     150
NMOL_IC2:      150     150
NMOL_IC3:      150     150
NMOL_IC4:      150     150
NMOL_IC5:      150     150
