
CASN:   590-18-1
CNAM:   2-BUTENE
 FAM:   2
FORM:   C4H8
INAM:   cis-2-BUTENE
NAME:   cis-2-BUTENE_2001Review
SMIL:   C
STRU:   CH3CHCHCH3

  MW:    56.10632
  TC:   435.50000
  PC:     4.21000
RHOC:     0.23977

RHO_HIGH:   0.7243
  T_HIGH:   479.05

 Isotherms:

    T_IT:   479.05  391.95

 RHO_IT1:   0.0259  0.0345  0.0517  0.1035  0.2069  0.3104  0.4139  0.5173  0.5691  0.6208  0.6725  0.7243
 RHO_IT2:   0.0259  0.0345  0.0517  0.1035

NMOL_IT1:     1200    1200    1200    1200     300     300     300     300     300     300     300     300
NMOL_IT2:     1200    1200    1200    1200

 Isochores:

  RHO_IC:   0.5173  0.5691  0.6208  0.6725  0.7243

T_IC1:	368.95	416.85
T_IC2:	334.63	394.02
T_IC3:	293.62	364.08
T_IC4:	247.20	326.12
T_IC5:	197.72	279.91

NMOL_IC1:      300     300
NMOL_IC2:      300     300
NMOL_IC3:      300     300
NMOL_IC4:      300     300
NMOL_IC5:      300     300
