
CASN:   75-28-5
CNAM:   PROPANE
 FAM:   METHYLALKANES
FORM:   C4H10
INAM:   ISOBUTANE
NAME:   ISOBUTANE
SMIL:   CC(C)C
STRU:   CH3CH(CH3)CH3

  MW:    58.12220
  TC:   407.80000
  PC:     3.64000
RHOC:     0.22441

RHO_HIGH:   0.6712
  T_HIGH:   489.36

 Isotherms:

    T_IT:   489.36  367.02

 RHO_IT1:   0.0240  0.0320  0.0479  0.0959  0.1918  0.2877  0.3835  0.4794  0.5274  0.5753  0.6233  0.6712
 RHO_IT2:   0.0240  0.0320  0.0479  0.0959

NMOL_IT1:     1200    1200    1200    1200     300     300     300     300     300     300     300     300
NMOL_IT2:     1200    1200    1200    1200

 Isochores:

  RHO_IC:   0.4794  0.5274  0.5753  0.6233  0.6712

   T_IC1:   347.71 406.55 
   T_IC2:   315.95 383.99 
   T_IC3:   277.72 354.35 
   T_IC4:   233.94 316.55 
   T_IC5:   186.26 269.82 

NMOL_IC1:      300     300
NMOL_IC2:      300     300
NMOL_IC3:      300     300
NMOL_IC4:      300     300
NMOL_IC5:      300     300
