
CASN:   592-42-7
CNAM:   1
 FAM:   DIALKENES
FORM:   C6H10
INAM:   1
NAME:   1
SMIL:   C=CCCC=C
STRU:   CH2CH(CH2)2CHCH2

  MW:    82.14360
  TC:   508.00000
  PC:     3.35000
RHOC:     0.24231

RHO_HIGH:   0.7482
  T_HIGH:   558.80

 Isotherms:

    T_IT:   558.80  457.20

 RHO_IT1:   0.0267  0.0356  0.0534  0.1069  0.2138  0.3206  0.4275  0.5344  0.5878  0.6413  0.6947  0.7482
 RHO_IT2:   0.0267  0.0356  0.0534  0.1069

NMOL_IT1:      800     800     800     800     200     200     200     200     200     200     200     200
NMOL_IT2:      800     800     800     800

 Isochores:

  RHO_IC:   0.5344  0.5878  0.6413  0.6947  0.7482

   T_IC1:   433.19  488.04
   T_IC2:   393.80  462.01
   T_IC3:   346.24  427.56
   T_IC4:   291.00  382.70
   T_IC5:   228.60  324.46

NMOL_IC1:      200     200
NMOL_IC2:      200     200
NMOL_IC3:      200     200
NMOL_IC4:      200     200
NMOL_IC5:      200     200
