
CASN:   624-64-6
CNAM:   2-BUTENE
 FAM:   2
FORM:   C4H8
INAM:   trans-2-BUTENE
NAME:   trans-2-BUTENE_2001Review
SMIL:   C
STRU:   CH3CHCHCH3

  MW:    56.10632
  TC:   428.60000
  PC:     4.10000
RHOC:     0.23574

RHO_HIGH:   0.7106
  T_HIGH:   471.46

 Isotherms:

    T_IT:   471.46  385.74

 RHO_IT1:   0.0254  0.0338  0.0508  0.1015  0.2030  0.3045  0.4060  0.5076  0.5583  0.6091  0.6598  0.7106
 RHO_IT2:   0.0254  0.0338  0.0508  0.1015

NMOL_IT1:     1200    1200    1200    1200     300     300     300     300     300     300     300     300
NMOL_IT2:     1200    1200    1200    1200

 Isochores:

  RHO_IC:   0.5076  0.5583  0.6091  0.6598  0.7106

T_IC1:	363.54	410.53
T_IC2:	329.79	388.10
T_IC3:	289.22	358.51
T_IC4:	243.31	320.97
T_IC5:	193.97	274.86

NMOL_IC1:      300     300
NMOL_IC2:      300     300
NMOL_IC3:      300     300
NMOL_IC4:      300     300
NMOL_IC5:      300     300
