
CASN:   590-35-2
CNAM:   PENTANE
 FAM:   DIMETHYLALKANES
FORM:   C7H16
INAM:   2
NAME:   2
SMIL:   CC(C)(C)CCC
STRU:   CH3C(CH3)2CH2CH2CH3

  MW:   100.20194
  TC:   520.50000
  PC:     2.77000
RHOC:     0.24087

RHO_HIGH:   0.7253
  T_HIGH:   546.52

 Isotherms:

    T_IT:   546.52  468.45

 RHO_IT1:   0.0259  0.0345  0.0518  0.1036  0.2072  0.3108  0.4144  0.5181  0.5699  0.6217  0.6735  0.7253
 RHO_IT2:   0.0259  0.0345  0.0518  0.1036

NMOL_IT1:      720     720     720     720     180     180     180     180     180     180     180     180
NMOL_IT2:      720     720     720     720

 Isochores:

  RHO_IC:   0.5181  0.5699  0.6217  0.6735  0.7253

   T_IC1:   443.45  489.62
   T_IC2:   402.79  463.78
   T_IC3:   353.96  429.66
   T_IC4:   297.57  385.34
   T_IC5:   234.22  327.91

NMOL_IC1:      180     180
NMOL_IC2:      180     180
NMOL_IC3:      180     180
NMOL_IC4:      180     180
NMOL_IC5:      180     180
