
CASN:   115-11-7
CNAM:   1-PROPENE
 FAM:   METHYLALKENES
FORM:   C4H8
INAM:   ISOBUTENE
NAME:   ISOBUTENE
SMIL:   C=C(C)C
STRU:   CH2C(CH3)2

  MW:    56.10632
  TC:   417.90000
  PC:     4.00000
RHOC:     0.23475

RHO_HIGH:   0.7075
  T_HIGH:   459.69

 Isotherms:

    T_IT:   459.69  376.11

 RHO_IT1:   0.0253  0.0337  0.0505  0.1011  0.2021  0.3032  0.4043  0.5053  0.5559  0.6064  0.6569  0.7075
 RHO_IT2:   0.0253  0.0337  0.0505  0.1011

NMOL_IT1:     1200    1200    1200    1200     300     300     300     300     300     300     300     300
NMOL_IT2:     1200    1200    1200    1200

 Isochores:

  RHO_IC:   0.5053  0.5559  0.6064  0.6569  0.7075

T_IC1:	354.58	400.43
T_IC2:	321.65	378.55
T_IC3:	281.91	349.55
T_IC4:	236.72	312.56
T_IC5:	188.14	267.04

NMOL_IC1:      300     300
NMOL_IC2:      300     300
NMOL_IC3:      300     300
NMOL_IC4:      300     300
NMOL_IC5:      300     300
