
CASN:   74-98-6
CNAM:   PROPANE
 FAM:   N-ALKANES
FORM:   C3H8
INAM:   PROPANE
NAME:   PROPANE
SMIL:   CCC
STRU:   CH3CH2CH3

  MW:    44.09562
  TC:   369.83000
  PC:     4.24800
RHOC:     0.22048

RHO_HIGH:   0.6500
  T_HIGH:   443.00

 Isotherms:

    T_IT:   443.00  332.85

 RHO_IT1:   0.0232  0.0310  0.0464  0.0929  0.1857  0.2786  0.3714  0.4643  0.5107  0.5571  0.6036  0.6500
 RHO_IT2:   0.0232  0.0310  0.0464  0.0929

NMOL_IT1:     1600    1600    1600    1600     400     400     400     400     400     400     400     400
NMOL_IT2:     1600    1600    1600    1600

 Isochores:

  RHO_IC:   0.4643  0.5107  0.5571  0.6036  0.6500

   T_IC1:   314.92 368.14
   T_IC2:   285.96 347.56
   T_IC3:   251.01 320.45
   T_IC4:   210.86 285.72
   T_IC5:   167.09 242.66

NMOL_IC1:      400     400
NMOL_IC2:      400     400
NMOL_IC3:      400     400
NMOL_IC4:      400     400
NMOL_IC5:      400     400