
CASN:   109-67-1
CNAM:   1-PENTENE
 FAM:   1-ALKENES
FORM:   C5H10
INAM:   1-PENTENE
NAME:   1-PENTENE_2001Review
SMIL:   C=CCCC
STRU:   CH2CH(CH2)2CH3

  MW:    70.13290
  TC:   464.80000
  PC:     3.56000
RHOC:     0.23936

RHO_HIGH:   0.7227
  T_HIGH:   511.28

 Isotherms:

    T_IT:   511.28  418.32

 RHO_IT1:   0.0258  0.0344  0.0516  0.1032  0.2065  0.3097  0.4130  0.5162  0.5678  0.6195  0.6711  0.7227
 RHO_IT2:   0.0258  0.0344  0.0516  0.1032

NMOL_IT1:      960     960     960     960     240     240     240     240     240     240     240     240
NMOL_IT2:      960     960     960     960

 Isochores:

  RHO_IC:   0.5162  0.5678  0.6195  0.6711  0.7227

   T_IC1:   391.98  443.75
   T_IC2:   355.76  419.57
   T_IC3:   312.85  388.18
   T_IC4:   263.80  348.03
   T_IC5:   209.16  296.87

NMOL_IC1:      240     240
NMOL_IC2:      240     240
NMOL_IC3:      240     240
NMOL_IC4:      240     240
NMOL_IC5:      240     240
