
CASN:   112-40-3
CNAM:   DODECANE
 FAM:   N-ALKANES
FORM:   C12H26
INAM:   DODECANE
NAME:   n-DODECANE
SMIL:   CCCCCCCCCCCC
STRU:   CH3(CH2)10CH3

  MW:   170.33484
  TC:   658.00000
  PC:     1.82000
RHOC:     0.22561

RHO_HIGH:   0.7471
  T_HIGH:   691.00

 Isotherms:

    T_IT:   691.00

 RHO_IT1:   0.2135  0.3202  0.4269  0.5336  0.5870  0.6404  0.6937  0.7471

NMOL_IT1:      100    100    100    100    100    100    100    100


 Isochores:

  RHO_IC:   0.5336  0.5870  0.6404  0.6937  0.7471

   T_IC1:   546.60  610.38
   T_IC2:   495.91  577.42
   T_IC3:   436.90  535.33
   T_IC4:   370.34  482.23
   T_IC5:   296.98  415.42

NMOL_IC1:      100    100
NMOL_IC2:      100    100
NMOL_IC3:      100    100
NMOL_IC4:      100    100
NMOL_IC5:      100    100
