
CASN:   592-76-7
CNAM:   1-HEPTENE
 FAM:   1-ALKENES
FORM:   C7H14
INAM:   1-HEPTENE
NAME:   1-HEPTENE_2001Review
SMIL:   C=CCCCCC
STRU:   CH2CH(CH2)4CH3

  MW:    98.18606
  TC:   537.40000
  PC:     2.92000
RHOC:     0.24424

RHO_HIGH:   0.7412
  T_HIGH:   591.14

 Isotherms:

    T_IT:   591.14  483.66

 RHO_IT1:   0.0265  0.0353  0.0529  0.1059  0.2118  0.3176  0.4235  0.5294  0.5823  0.6353  0.6882  0.7412
 RHO_IT2:   0.0265  0.0353  0.0529  0.1059

NMOL_IT1:      680     680     680     680     170     170     170     170     170     170     170     170
NMOL_IT2:      680     680     680     680

 Isochores:

  RHO_IC:   0.5294  0.5823  0.6353  0.6882  0.7412

   T_IC1:   453.38  513.18
   T_IC2:   411.50  485.23
   T_IC3:   361.86  448.92
   T_IC4:   305.09  402.46
   T_IC5:   241.83  343.24

NMOL_IC1:      170     170
NMOL_IC2:      170     170
NMOL_IC3:      170     170
NMOL_IC4:      170     170
NMOL_IC5:      170     170
