
CASN:   540-84-1
CNAM:   PENTANE
 FAM:   OTHER_ALKANES
FORM:   C8H18
INAM:   2
NAME:   2
SMIL:   CC(C)(C)CC(C)C
STRU:   (CH3)3CCH2CH(CH3)2

  MW:   114.22852
  TC:   543.80000
  PC:     2.57000
RHOC:     0.24408

RHO_HIGH:   0.7310
  T_HIGH:   571.20

 Isotherms:

    T_IT:   571.20  489.42

 RHO_IT1:   0.0261  0.0348  0.0522  0.1044  0.2089  0.3133  0.4177  0.5221  0.5744  0.6266  0.6788  0.7310
 RHO_IT2:   0.0261  0.0348  0.0522  0.1044

NMOL_IT1:      600     600     600     600     150     150     150     150     150     150     150     150
NMOL_IT2:      600     600     600     600

 Isochores:

  RHO_IC:   0.5221  0.5744  0.6266  0.6788  0.7310

   T_IC1:   463.74 511.89
   T_IC2:   420.78 484.59
   T_IC3:   368.61 448.07
   T_IC4:   308.98 401.03
   T_IC5:   244.88 342.80

NMOL_IC1:      150     150
NMOL_IC2:      150     150
NMOL_IC3:      150     150
NMOL_IC4:      150     150
NMOL_IC5:      150     150










