
CASN:   646-04-8
CNAM:   2-PENTENE
 FAM:   2
FORM:   C5H10
INAM:   trans-2-PENTENE
NAME:   trans-2-PENTENE_2001Review
SMIL:   C
STRU:   CH3CHCHCH2CH3

  MW:    70.13290
  TC:   474.20000
  PC:     3.66000
RHOC:     0.23936

RHO_HIGH:   0.7225
  T_HIGH:   521.62

 Isotherms:

    T_IT:   521.62  426.78

 RHO_IT1:   0.0258  0.0344  0.0516  0.1032  0.2064  0.3097  0.4129  0.5161  0.5677  0.6193  0.6709  0.7225
 RHO_IT2:   0.0258  0.0344  0.0516  0.1032

NMOL_IT1:      960     960     960     960     240     240     240     240     240     240     240     240
NMOL_IT2:      960     960     960     960

 Isochores:

  RHO_IC:   0.5161  0.5677  0.6193  0.6709  0.7225

   T_IC1:   401.58  453.80
   T_IC2:   364.59  429.20
   T_IC3:   320.53  397.07
   T_IC4:   269.94  355.77
   T_IC5:   213.39  302.88

NMOL_IC1:      240     240
NMOL_IC2:      240     240
NMOL_IC3:      240     240
NMOL_IC4:      240     240
NMOL_IC5:      240     240
