
CASN:   106-97-8
CNAM:   BUTANE
 FAM:   N-ALKANES
FORM:   C4H10
INAM:   BUTANE
NAME:   n-BUTANE
SMIL:   CCCC
STRU:   CH3(CH2)2CH3

  MW:    58.12220
  TC:   425.12000
  PC:     3.79600
RHOC:     0.22793

RHO_HIGH:   0.6822
  T_HIGH:   510.16

 Isotherms:

    T_IT:   510.16  382.61

 RHO_IT1:   0.0244  0.0325  0.0487  0.0975  0.1949  0.2924  0.3898  0.4873  0.5360  0.5847  0.6335  0.6822
 RHO_IT2:   0.0244  0.0325  0.0487  0.0975

NMOL_IT1:     1200    1200    1200    1200     300     300     300     300     300     300     300     300
NMOL_IT2:     1200    1200    1200    1200

 Isochores:

  RHO_IC:   0.4873  0.5360  0.5847  0.6335  0.6822

   T_IC1:   361.43  423.10
   T_IC2:   328.02  399.30
   T_IC3:   287.75  367.96
   T_IC4:   241.55  327.86
   T_IC5:   191.34  278.30

NMOL_IC1:      300     300
NMOL_IC2:      300     300
NMOL_IC3:      300     300
NMOL_IC4:      300     300
NMOL_IC5:      300     300
