
CASN:   106-97-8
CNAM:   BUTANE
 FAM:   N-ALKANES
FORM:   C4H10
INAM:   BUTANE
NAME:   n-BUTANE
SMIL:   CCCC
STRU:   CH3(CH2)2CH3

  MW:    58.12220
  TC:   425.12000
  PC:     3.79600
RHOC:     0.22793

RHO_HIGH:   0.6837
  T_HIGH:   510.14

 Isotherms:

    T_IT:   510.14  382.61

 RHO_IT1:   0.0244  0.0326  0.0488  0.0977  0.1954  0.2930  0.3907  0.4884  0.5372  0.5861  0.6349  0.6837
 RHO_IT2:   0.0244  0.0326  0.0488  0.0977

NMOL_IT1:     1200	1200	1200	1200	 300	 300	 300	 300	 300	 300	 300	 300
NMOL_IT2:     1200	1200	1200	1200

 Isochores:

  RHO_IC:   0.4884  0.5372  0.5861  0.6349  0.6837

   T_IC1:   359.90  422.05
   T_IC2:   326.70  398.31
   T_IC3:   287.19  367.49
   T_IC4:   241.89  328.17
   T_IC5:   191.30  278.26

NMOL_IC1:      300	 300
NMOL_IC2:      300	 300
NMOL_IC3:      300	 300
NMOL_IC4:      300	 300
NMOL_IC5:      300	 300
