
CASN:   111-66-0
CNAM:   1-OCTENE
 FAM:   1-ALKENES
FORM:   C8H16
INAM:   1-OCTENE
NAME:   1-OCTENE_2001Review
SMIL:   C=CCCCCCC
STRU:   CH2CH(CH2)5CH3

  MW:   112.21264
  TC:   566.90000
  PC:     2.66300
RHOC:     0.24184

RHO_HIGH:   0.7475
  T_HIGH:   623.59

 Isotherms:

    T_IT:   623.59  510.21

 RHO_IT1:   0.0267  0.0356  0.0534  0.1068  0.2136  0.3204  0.4271  0.5339  0.5873  0.6407  0.6941  0.7475
 RHO_IT2:   0.0267  0.0356  0.0534  0.1068

NMOL_IT1:      600     600     600     600     150     150     150     150     150     150     150     150
NMOL_IT2:      600     600     600     600

 Isochores:

  RHO_IC:   0.5339  0.5873  0.6407  0.6941  0.7475

   T_IC1:   475.58  539.62
   T_IC2:   431.52  510.07
   T_IC3:   379.64  471.96
   T_IC4:   320.62  423.50
   T_IC5:   255.10  362.08

NMOL_IC1:      150     150
NMOL_IC2:      150     150
NMOL_IC3:      150     150
NMOL_IC4:      150     150
NMOL_IC5:      150     150
