
CASN:   591-76-4
CNAM:   HEXANE
 FAM:   METHYLALKANES
FORM:   C7H16
INAM:   2-METHYLHEXANE
NAME:   2-METHYLHEXANE
SMIL:   CC(C)CCCC
STRU:   CH3CH(CH3)(CH2)3CH3

  MW:   100.20194
  TC:   530.40000
  PC:     2.74000
RHOC:     0.23801

RHO_HIGH:   0.7216
  T_HIGH:   556.92

 Isotherms:

    T_IT:   556.92  477.36

 RHO_IT1:   0.0258  0.0344  0.0515  0.1031  0.2062  0.3093  0.4124  0.5155  0.5670  0.6186  0.6701  0.7216
 RHO_IT2:   0.0258  0.0344  0.0515  0.1031

NMOL_IT1:      720     720     720     720     180     180     180     180     180     180     180     180
NMOL_IT2:      720     720     720     720

 Isochores:

  RHO_IC:   0.5155  0.5670  0.6186  0.6701  0.7216

   T_IC1:   450.39  498.02
   T_IC2:   409.09  471.69
   T_IC3:   359.64  437.05
   T_IC4:   302.64  392.17
   T_IC5:   238.68  334.15

NMOL_IC1:      180     180
NMOL_IC2:      180     180
NMOL_IC3:      180     180
NMOL_IC4:      180     180
NMOL_IC5:      180     180
