
CASN:   74-82-8
CNAM:   METHANE
 FAM:   N-ALKANES
FORM:   CH4
INAM:   METHANE
NAME:   METHANE
SMIL:   C
STRU:   CH4

  MW:    16.04246
  TC:   190.56400
  PC:     4.59900
RHOC:     0.16270

RHO_HIGH:   0.4450
  T_HIGH:   228.00

 Isotherms:

    T_IT:   228.00  171.51

 RHO_IT1:   0.0159  0.0212  0.0318  0.0636  0.1271  0.1907  0.2543  0.3179  0.3496  0.3814  0.4132  0.4450
 RHO_IT2:   0.0159  0.0212  0.0318  0.0636

NMOL_IT1:     2000    2000    2000    2000     500     500     500     500     500     500     500     500
NMOL_IT2:     2000    2000    2000    2000

 Isochores:

  RHO_IC:   0.3179  0.3496  0.3814  0.4132  0.4450

   T_IC1:   167.20  192.92
   T_IC2:   153.67  183.60
   T_IC3:   137.14  171.27
   T_IC4:   117.81  155.35
   T_IC5:    95.90  135.01

NMOL_IC1:      500     500
NMOL_IC2:      500     500
NMOL_IC3:      500     500
NMOL_IC4:      500     500
NMOL_IC5:      500     500
