
CASN:   106-98-9
CNAM:   1-BUTENE
 FAM:   1-ALKENES
FORM:   C4H8
INAM:   1-BUTENE
NAME:   1-BUTENE_2001Review
SMIL:   C=CCC
STRU:   CH2CHCH2CH3

  MW:    56.10632
  TC:   419.50000
  PC:     4.02000
RHOC:     0.23281

RHO_HIGH:   0.7084
  T_HIGH:   461.45

 Isotherms:

    T_IT:   461.45  377.55

 RHO_IT1:   0.0253  0.0337  0.0506  0.1012  0.2024  0.3036  0.4048  0.5060  0.5566  0.6072  0.6578  0.7084
 RHO_IT2:   0.0253  0.0337  0.0506  0.1012

NMOL_IT1:     1200    1200    1200    1200     300     300     300     300     300     300     300     300
NMOL_IT2:     1200    1200    1200    1200

 Isochores:

  RHO_IC:   0.5060  0.5566  0.6072  0.6578  0.7084

T_IC1:	355.31	401.48
T_IC2:	322.15	379.42
T_IC3:	282.60	350.53
T_IC4:	237.97	314.01
T_IC5:	190.29	269.46

NMOL_IC1:      300     300
NMOL_IC2:      300     300
NMOL_IC3:      300     300
NMOL_IC4:      300     300
NMOL_IC5:      300     300

