
CASN:   563-16-6
CNAM:   HEXANE
 FAM:   DIMETHYLALKANES
FORM:   C8H18
INAM:   3
NAME:   3
SMIL:   CCC(C)(C)CCC
STRU:   CH3CH2C(CH3)2CH2CH2CH3

  MW:   114.22852
  TC:   562.00000
  PC:     2.65000
RHOC:     0.25785

RHO_HIGH:   0.7374
  T_HIGH:   590.10

 Isotherms:

    T_IT:   590.10  505.80

 RHO_IT1:   0.0263  0.0351  0.0527  0.1053  0.2107  0.3160  0.4213  0.5267  0.5794  0.6320  0.6847  0.7374
 RHO_IT2:   0.0263  0.0351  0.0527  0.1053

NMOL_IT1:      600     600     600     600     150     150     150     150     150     150     150     150
NMOL_IT2:      600     600     600     600

 Isochores:

  RHO_IC:   0.5267  0.5794  0.6320  0.6847  0.7374

   T_IC1:   491.98  536.59
   T_IC2:   448.72  509.79
   T_IC3:   394.24  472.69
   T_IC4:   328.82  422.32
   T_IC5:   252.90  354.06

NMOL_IC1:      150     150
NMOL_IC2:      150     150
NMOL_IC3:      150     150
NMOL_IC4:      150     150
NMOL_IC5:      150     150
