
CASN:   109-66-0
CNAM:   PENTANE
 FAM:   N-ALKANES
FORM:   C5H12
INAM:   PENTANE
NAME:   n-PENTANE
SMIL:   CCCCC
STRU:   CH3(CH2)3CH3

  MW:    72.14878
  TC:   469.70000
  PC:     3.37000
RHOC:     0.23051

RHO_HIGH:   0.7000
  T_HIGH:   563.00

 Isotherms:

    T_IT:   563.00  422.73

 RHO_IT1:   0.0250  0.0333  0.0500  0.1000  0.2000  0.3000  0.4000  0.5000  0.5500  0.6000  0.6500  0.7000
 RHO_IT2:   0.0250  0.0333  0.0500  0.1000

NMOL_IT1:      960     960     960     960     240     240     240     240     240     240     240     240
NMOL_IT2:      960     960     960     960

 Isochores:

  RHO_IC:   0.5000  0.5500  0.6000  0.6500  0.7000

   T_IC1:   399.82 467.58
   T_IC2:   363.16 441.52
   T_IC3:   318.67 406.98
   T_IC4:   267.68 362.84
   T_IC5:   212.57 308.62

NMOL_IC1:      240     240
NMOL_IC2:      240     240
NMOL_IC3:      240     240
NMOL_IC4:      240     240
NMOL_IC5:      240     240