
CASN:   74-84-0
CNAM:   ETHANE
 FAM:   N-ALKANES
FORM:   C2H6
INAM:   ETHANE
NAME:   ETHANE
SMIL:   CC
STRU:   CH3CH3

  MW:    30.06904
  TC:   305.32000
  PC:     4.87200
RHOC:     0.20666

RHO_HIGH:   0.6000
  T_HIGH:   360.00

 Isotherms:

    T_IT:   360.00  274.79

 RHO_IT1:   0.0214  0.0286  0.0429  0.0857  0.1714  0.2571  0.3429  0.4286  0.4714  0.5143  0.5571  0.6000
 RHO_IT2:   0.0214  0.0286  0.0429  0.0857

NMOL_IT1:     2400    2400    2400    2400     600     600     600     600     600     600     600     600
NMOL_IT2:     2400    2400    2400    2400

 Isochores:

  RHO_IC:   0.4286  0.4714  0.5143  0.5571  0.6000

   T_IC1:   259.42  301.54
   T_IC2:   235.56  284.78
   T_IC3:   207.11  262.95
   T_IC4:   174.46  235.02
   T_IC5:   137.97  199.49

NMOL_IC1:      600     600
NMOL_IC2:      600     600
NMOL_IC3:      600     600
NMOL_IC4:      600     600
NMOL_IC5:      600     600
