
CASN:   592-41-6
CNAM:   1-HEXENE
 FAM:   1-ALKENES
FORM:   C6H12
INAM:   1-HEXENE
NAME:   1-HEXENE_2001Review
SMIL:   C=CCCCC
STRU:   CH2CH(CH2)3CH3

  MW:    84.15948
  TC:   504.00000
  PC:     3.21000
RHOC:     0.24184

RHO_HIGH:   0.7326
  T_HIGH:   554.40

 Isotherms:

    T_IT:   554.40  453.60

 RHO_IT1:   0.0262  0.0349  0.0523  0.1047  0.2093  0.3140  0.4186  0.5233  0.5756  0.6279  0.6802  0.7326
 RHO_IT2:   0.0262  0.0349  0.0523  0.1047

NMOL_IT1:      800     800     800     800     200     200     200     200     200     200     200     200
NMOL_IT2:      800     800     800     800

 Isochores:

  RHO_IC:   0.5233  0.5756  0.6279  0.6802  0.7326

   T_IC1:   425.72  481.61
   T_IC2:   386.42  455.41
   T_IC3:   339.77  421.32
   T_IC4:   286.36  377.65
   T_IC5:   226.80  321.91

NMOL_IC1:      200     200
NMOL_IC2:      200     200
NMOL_IC3:      200     200
NMOL_IC4:      200     200
NMOL_IC5:      200     200
