
CASN:   115-07-1
CNAM:   1-PROPENE
 FAM:   1-ALKENES
FORM:   C3H6
INAM:   1-PROPENE
NAME:   PROPYLENE_2001Review
SMIL:   C=CC
STRU:   CH2CHCH3

  MW:    42.07974
  TC:   364.85000
  PC:     4.60000
RHOC:     0.22746

RHO_HIGH:   0.6829
  T_HIGH:   401.34

 Isotherms:

    T_IT:   401.34  328.36

 RHO_IT1:   0.0244  0.0325  0.0488  0.0976  0.1951  0.2927  0.3902  0.4878  0.5365  0.5853  0.6341  0.6829
 RHO_IT2:   0.0244  0.0325  0.0488  0.0976

NMOL_IT1:     1600    1600    1600    1600     400     400     400     400     400     400     400     400
NMOL_IT2:     1600    1600    1600    1600

 Isochores:

  RHO_IC:   0.4878  0.5365  0.5853  0.6341  0.6829

T_IC1:	308.38	348.77
T_IC2:	279.48	329.50
T_IC3:	244.96	304.23
T_IC4:	205.66	271.96
T_IC5:	163.15	231.99

NMOL_IC1:      400     400
NMOL_IC2:      400     400
NMOL_IC3:      400     400
NMOL_IC4:      400     400
NMOL_IC5:      400     400
