
CASN:   79-29-8
CNAM:   BUTANE
 FAM:   DIMETHYLALKANES
FORM:   C6H14
INAM:   2
NAME:   2
SMIL:   CC(C)C(C)C
STRU:   (CH3)2CHCH(CH3)2

  MW:    86.17536
  TC:   500.00000
  PC:     3.15000
RHOC:     0.23871

RHO_HIGH:   0.7186
  T_HIGH:   525.00

 Isotherms:

    T_IT:   525.00  450.00

 RHO_IT1:   0.0257  0.0342  0.0513  0.1027  0.2053  0.3080  0.4106  0.5133  0.5646  0.6160  0.6673  0.7186
 RHO_IT2:   0.0257  0.0342  0.0513  0.1027

NMOL_IT1:      800     800     800     800     200     200     200     200     200     200     200     200
NMOL_IT2:      800     800     800     800

 Isochores:

  RHO_IC:   0.5133  0.5646  0.6160  0.6673  0.7186

   T_IC1:   427.22  471.09
   T_IC2:   388.33  446.44
   T_IC3:   341.31  413.68
   T_IC4:   286.69  370.86
   T_IC5:   225.00  315.00

NMOL_IC1:      200     200
NMOL_IC2:      200     200
NMOL_IC3:      200     200
NMOL_IC4:      200     200
NMOL_IC5:      200     200
