
CASN:   7440-37-1
CNAM:   ARGON
 FAM:   ELEMENTS
FORM:   Ar
INAM:   ARGON
NAME:   ARGON
SMIL:   [Ar]
STRU:   Ar

  MW:    39.94800
  TC:   150.86000
  PC:     4.89800
RHOC:     0.53557

RHO_HIGH:   1.4135
  T_HIGH:   165.95

 Isotherms:

    T_IT:   165.95  135.77

 RHO_IT1:   0.0505  0.0673  0.1010  0.2019  0.4038  0.6058  0.8077  1.0096  1.1106  1.2115  1.3125  1.4135
 RHO_IT2:   0.0505  0.0673  0.1010  0.2019

NMOL_IT1:     4800    4800    4800    4800     600     600     600     600     600     600     600     600
NMOL_IT2:     4800    4800    4800    4800

 Isochores:

  RHO_IC:   1.0096  1.1106  1.2115  1.3125  1.4135

   T_IC1:   134.85  148.79
   T_IC2:   125.31  142.79
   T_IC3:   113.63  134.89
   T_IC4:    99.96  124.77
   T_IC5:    84.48  111.96

NMOL_IC1:      600     600
NMOL_IC2:      600     600
NMOL_IC3:      600     600
NMOL_IC4:      600     600
NMOL_IC5:      600     600
