
CASN:   592-13-2
CNAM:   HEXANE
 FAM:   DIMETHYLALKANES
FORM:   C8H18
INAM:   2
NAME:   2
SMIL:   CC(C)CCC(C)C
STRU:   CH3CH(CH3)CH2CH2CH(CH3)CH3

  MW:   114.22852
  TC:   550.00000
  PC:     2.49000
RHOC:     0.23699

RHO_HIGH:   0.7298
  T_HIGH:   577.50

 Isotherms:

    T_IT:   577.50  495.00

 RHO_IT1:   0.0261  0.0348  0.0521  0.1043  0.2085  0.3128  0.4170  0.5213  0.5734  0.6256  0.6777  0.7298
 RHO_IT2:   0.0261  0.0348  0.0521  0.1043

NMOL_IT1:      600     600     600     600     150     150     150     150     150     150     150     150
NMOL_IT2:      600     600     600     600

 Isochores:

  RHO_IC:   0.5213  0.5734  0.6256  0.6777  0.7298

   T_IC1:   465.10  515.24
   T_IC2:   422.36  487.89
   T_IC3:   371.44  452.10
   T_IC4:   312.95  405.93
   T_IC5:   247.50  346.50

NMOL_IC1:      150     150
NMOL_IC2:      150     150
NMOL_IC3:      150     150
NMOL_IC4:      150     150
NMOL_IC5:      150     150
