
CASN:   583-48-2
CNAM:   HEXANE
 FAM:   DIMETHYLALKANES
FORM:   C8H18
INAM:   3
NAME:   3
SMIL:   CCC(C)C(C)CC
STRU:   CH3CH2CH(CH3)CH(CH3)CH2CH3

  MW:   114.22852
  TC:   568.80000
  PC:     2.69000
RHOC:     0.24513

RHO_HIGH:   0.7300
  T_HIGH:   597.00

 Isotherms:

    T_IT:   597.00  511.92

 RHO_IT1:   0.0261  0.0348  0.0521  0.1043  0.2086  0.3129  0.4171  0.5214  0.5736  0.6257  0.6779  0.7300
 RHO_IT2:   0.0261  0.0348  0.0521  0.1043

NMOL_IT1:      600     600     600     600     150     150     150     150     150     150     150     150
NMOL_IT2:      600     600     600     600

 Isochores:

  RHO_IC:   0.5214  0.5736  0.6257  0.6779  0.7300

   T_IC1:   494.46  540.92
   T_IC2:   453.75  515.61
   T_IC3:   404.13  481.98
   T_IC4:   346.07  438.15
   T_IC5:   280.12  381.32

NMOL_IC1:      150     150
NMOL_IC2:      150     150
NMOL_IC3:      150     150
NMOL_IC4:      150     150
NMOL_IC5:      150     150
