
CASN:   106-99-0
CNAM:   1
 FAM:   DIALKENES
FORM:   C4H6
INAM:   1
NAME:   1
SMIL:   C=CC=C
STRU:   CH2CHCHCH2

  MW:    54.09044
  TC:   425.00000
  PC:     4.32000
RHOC:     0.24475

RHO_HIGH:   0.7343
  T_HIGH:   467.50

 Isotherms:

    T_IT:   467.50  382.50

 RHO_IT1:   0.0262  0.0350  0.0524  0.1049  0.2098  0.3147  0.4196  0.5245  0.5769  0.6294  0.6818  0.7343
 RHO_IT2:   0.0262  0.0350  0.0524  0.1049

NMOL_IT1:     1200    1200    1200    1200     300     300     300     300     300     300     300     300
NMOL_IT2:     1200    1200    1200    1200

 Isochores:

  RHO_IC:   0.5245  0.5769  0.6294  0.6818  0.7343

   T_IC1:   359.83  406.66
   T_IC2:   326.63  384.57
   T_IC3:   287.13  355.76
   T_IC4:   241.83  318.77
   T_IC5:   191.25  271.45

NMOL_IC1:      300     300
NMOL_IC2:      300     300
NMOL_IC3:      300     300
NMOL_IC4:      300     300
NMOL_IC5:      300     300
