
CASN:   111-65-9
CNAM:   OCTANE
 FAM:   N-ALKANES
FORM:   C8H18
INAM:   OCTANE
NAME:   n-OCTANE
SMIL:   CCCCCCCC
STRU:   CH3(CH2)6CH3

  MW:   114.22852
  TC:   568.70000
  PC:     2.49000
RHOC:     0.23504

RHO_HIGH:   0.7317
  T_HIGH:   598.00

 Isotherms:

    T_IT:   598.00  511.83

 RHO_IT1:   0.0261  0.0348  0.0523  0.1045  0.2091  0.3136  0.4181  0.5226  0.5749  0.6272  0.6794  0.7317
 RHO_IT2:   0.0261  0.0348  0.0523  0.1045

NMOL_IT1:      600     600     600     600     150     150     150     150     150     150     150     150
NMOL_IT2:      600     600     600     600

 Isochores:

  RHO_IC:   0.5226  0.5749  0.6272  0.6794  0.7317

   T_IC1:   481.50	533.46
   T_IC2:   436.58	504.70
   T_IC3:   382.41	466.50
   T_IC4:   321.28	417.99
   T_IC5:   256.25	358.76

NMOL_IC1:      150     150
NMOL_IC2:      150     150
NMOL_IC3:      150     150
NMOL_IC4:      150     150
NMOL_IC5:      150     150


