
CASN:   627-20-3
CNAM:   2-PENTENE
 FAM:   2
FORM:   C5H10
INAM:   cis-2-PENTENE
NAME:   cis-2-PENTENE_2001Review
SMIL:   C
STRU:   CH3CHCHCH2CH3

  MW:    70.13290
  TC:   475.00000
  PC:     3.64000
RHOC:     0.24018

RHO_HIGH:   0.7373
  T_HIGH:   522.50

 Isotherms:

    T_IT:   522.50  427.50

 RHO_IT1:   0.0263  0.0351  0.0527  0.1053  0.2107  0.3160  0.4213  0.5267  0.5793  0.6320  0.6847  0.7373
 RHO_IT2:   0.0263  0.0351  0.0527  0.1053

NMOL_IT1:      960     960     960     960     240     240     240     240     240     240     240     240
NMOL_IT2:      960     960     960     960

 Isochores:

  RHO_IC:   0.5267  0.5793  0.6320  0.6847  0.7373

   T_IC1:   393.52  448.93
   T_IC2:   356.53  423.85
   T_IC3:   313.82  392.13
   T_IC4:   266.03  352.56
   T_IC5:   213.75  303.39

NMOL_IC1:      240     240
NMOL_IC2:      240     240
NMOL_IC3:      240     240
NMOL_IC4:      240     240
NMOL_IC5:      240     240
