
CASN:   75-83-2
CNAM:   BUTANE
 FAM:   DIMETHYLALKANES
FORM:   C6H14
INAM:   2
NAME:   2
SMIL:   CC(C)(C)CC
STRU:   CH3CH2C(CH3)3

  MW:    86.17536
  TC:   489.00000
  PC:     3.10000
RHOC:     0.24071

RHO_HIGH:   0.7120
  T_HIGH:   513.45

 Isotherms:

    T_IT:   513.45  440.10

 RHO_IT1:   0.0254  0.0339  0.0509  0.1017  0.2034  0.3051  0.4068  0.5086  0.5594  0.6103  0.6611  0.7120
 RHO_IT2:   0.0254  0.0339  0.0509  0.1017

NMOL_IT1:      800     800     800     800     200     200     200     200     200     200     200     200
NMOL_IT2:      800     800     800     800

 Isochores:

  RHO_IC:   0.5086  0.5594  0.6103  0.6611  0.7120

   T_IC1:   417.35  460.44
   T_IC2:   379.17  436.21
   T_IC3:   333.20  404.14
   T_IC4:   279.97  362.36
   T_IC5:   220.05  308.07

NMOL_IC1:      200     200
NMOL_IC2:      200     200
NMOL_IC3:      200     200
NMOL_IC4:      200     200
NMOL_IC5:      200     200
